[?25l[0m [38;2;0;0;0m                                                 [0m
 [38;2;0;0;0m                                                 [0m
 [38;2;0;0;0m                                    [38;2;183;167;153m▖            [0m
 [38;2;0;0;0m                                    [38;2;188;171;155m▌            [0m
 [38;2;0;0;0m                  [7m[38;2;109;98;85m🭠[38;2;157;142;125m🮂[38;2;168;151;132m🮂[38;2;165;148;129m🮂[38;2;166;149;131m🮂[38;2;167;150;132m▔[38;2;173;156;137m🭣[0m[38;2;155;141;125m🭑[38;2;110;101;92m🬼       [0m [38;2;165;151;137m𜵑[38;2;184;168;153m▘            [0m
 [38;2;0;0;0m                [7m[38;2;76;67;59m🭝[38;2;123;109;95m🭚[0m[38;2;118;105;91;48;2;104;94;82m🭟[38;2;97;87;75;48;2;177;159;140m▍[38;2;148;134;118;48;2;164;147;129m゠[38;2;168;151;132;48;2;175;157;138m🭚[38;2;164;147;129;48;2;173;155;138m🮠[38;2;175;157;139;48;2;180;163;144m🬃[38;2;179;161;142;48;2;173;155;136m🮗[38;2;114;106;98;48;2;175;158;140m⠈[0m[7m[38;2;180;163;144m𜴅[38;2;135;124;113m🭔[0m[38;2;0;0;0m     [38;2;173;156;139m🭦[38;2;121;110;100m▎             [0m
 [38;2;0;0;0m                [7m[38;2;126;113;99m▍[0m[38;2;107;96;84;48;2;118;105;91m┎[38;2;110;98;85;48;2;119;107;93m🭖[38;2;106;94;82;48;2;185;167;148m▌[38;2;144;128;112;48;2;172;154;135m⠠[38;2;153;136;119;48;2;177;159;141m🭙[38;2;184;166;148;48;2;175;157;139m🬭[38;2;170;153;136;48;2;177;160;141m🬄[38;2;176;158;140;48;2;182;164;145m🭉[38;2;165;151;136;48;2;180;162;143m▁[38;2;139;128;114;48;2;179;161;142m▁[38;2;121;111;102;48;2;181;163;145m▁[0m[7m[38;2;160;145;130m🭤[0m [38;2;0;0;0m    [0m [38;2;128;117;106m𜴍             [0m
 [38;2;0;0;0m                [7m[38;2;120;108;95m▎[0m[38;2;114;102;88;48;2;120;108;94m🭷[38;2;26;24;21;48;2;109;98;85m=[38;2;5;5;5;48;2;136;122;107m𜴆[38;2;153;138;123;48;2;35;32;28m𜵅[38;2;132;121;110;48;2;1;1;1m▔[38;2;87;81;75m▔[38;2;47;43;39;48;2;4;3;3m΄[38;2;167;151;135;48;2;27;25;22m🬦[38;2;20;18;17;48;2;161;146;129m🭕[38;2;3;3;3;48;2;1;1;1m⠉[38;2;1;1;1;48;2;2;2;2m▮[38;2;0;0;0;48;2;5;5;5m.[0m[38;2;149;135;120m𜶿  [0m [7m[38;2;159;144;129m🭠[38;2;126;114;102m𜷌[0m [38;2;0;0;0m             [0m
 [38;2;0;0;0m     [0m [7m[38;2;153;139;123m🬂[38;2;178;160;142m🬂[38;2;167;151;133m🬂[38;2;115;106;96m🬂[38;2;71;67;61m🬂[38;2;78;74;67m▀[38;2;79;75;68m▀[38;2;84;79;72m▀[38;2;82;77;70m▀[38;2;22;21;19m🬂[0m[38;2;16;15;13;48;2;119;107;93m▎[38;2;120;108;94;48;2;114;102;89m🭟[38;2;100;90;78;48;2;113;101;87m🮇[38;2;183;164;144;48;2;105;95;83m🮈[38;2;174;156;136;48;2;167;149;130m·[38;2;24;21;19;48;2;169;151;132m🮂[38;2;1;1;2;48;2;160;144;126m▔[38;2;1;2;2;48;2;165;148;130m▔[38;2;3;3;4;48;2;168;151;132m΄[38;2;126;115;105;48;2;169;152;134m⠈[38;2;47;42;38;48;2;173;155;137m▔[38;2;93;85;76;48;2;175;157;138m▔[38;2;121;110;98;48;2;178;160;141m▔[38;2;170;151;133;48;2;179;161;142m·[0m[38;2;189;171;153m🬾[38;2;107;95;83m🭊[7m[38;2;132;120;108m𜷌[0m[38;2;159;145;133m🭗               [0m
 [38;2;0;0;0m      [38;2;77;72;66m🭔[38;2;75;70;63;48;2;170;154;138m🭑[38;2;178;159;140;48;2;170;154;137m.[38;2;168;151;133;48;2;179;162;143m🬀[38;2;182;164;146;48;2;85;79;72m🭏[38;2;184;167;150;48;2;77;72;66m🬼[38;2;73;70;63;48;2;77;73;67m▂[38;2;80;76;69;48;2;39;37;34m🭝[38;2;20;19;17;48;2;81;76;70m🭃[38;2;9;9;7;48;2;12;12;10m🬠[38;2;30;28;24;48;2;109;98;86m▎[38;2;100;90;78;48;2;135;122;106m🭠[38;2;134;120;104;48;2;108;97;84m🭑[38;2;184;165;146;48;2;102;92;80m🮈[38;2;163;145;126;48;2;171;153;133m🬦[38;2;165;148;128;48;2;171;153;134mœ[38;2;160;143;126;48;2;167;150;132m𜺫[38;2;158;141;124;48;2;169;152;134m▗[38;2;165;148;128;48;2;169;151;132m⠐[38;2;159;143;125;48;2;169;152;133m╻[38;2;163;146;128m𜶻[38;2;159;142;124;48;2;175;157;138m▖[38;2;174;157;138;48;2;179;161;142m𜵛[38;2;192;173;153;48;2;181;164;145m·[38;2;172;154;135;48;2;127;113;99m𜷌[0m[38;2;176;157;139m🬼                 [0m
 [38;2;0;0;0m      [38;2;79;74;68m🭦[38;2;72;68;62;48;2;77;72;66m𜴡[38;2;171;155;141;48;2;69;65;59m🭢[38;2;79;73;66;48;2;184;166;149m🬿[38;2;161;144;128;48;2;179;162;143m⢀[38;2;182;164;145;48;2;175;158;140m·[38;2;88;83;76;48;2;183;165;147m🬊[38;2;117;107;97;48;2;19;19;17m🬼[38;2;10;10;8;48;2;12;12;10m𜴙[38;2;9;9;7;48;2;11;11;9m🬦[38;2;35;33;28;48;2;128;115;101m▎[38;2;122;110;95;48;2;132;119;103m⣀[38;2;77;70;60;48;2;130;117;101m🭊[38;2;154;139;123;48;2;87;79;69m⠉[38;2;177;159;140;48;2;111;100;87m𜴅[38;2;93;84;73;48;2;172;155;137m🬽[38;2;161;144;127;48;2;168;151;132m𜴃[38;2;153;137;119;48;2;164;146;127m🬼[38;2;165;148;129;48;2;171;154;134m𜵺[38;2;169;152;132;48;2;162;145;126m🬗[38;2;152;135;118;48;2;167;149;131m΄[38;2;157;141;122;48;2;165;147;128m┞[38;2;164;147;129;48;2;173;155;137m⠆[38;2;166;149;131;48;2;188;170;152m🭃[38;2;161;144;126;48;2;171;153;133m▎[38;2;91;84;77;48;2;167;150;132m🭢[38;2;173;157;140;48;2;54;52;47m🬾[0m[7m[38;2;57;54;50m▔[38;2;90;84;76m🭣[0m[38;2;165;149;133m🬿[0m [38;2;0;0;0m            [0m
 [38;2;0;0;0m      [0m [38;2;81;76;70m🭔[38;2;65;62;55;48;2;74;70;64m⠄[38;2;67;64;58;48;2;70;67;60m𜵔[38;2;64;61;55;48;2;157;143;129m🭏[38;2;62;58;52;48;2;174;158;140m🬼[38;2;174;157;138;48;2;180;162;144m÷[38;2;81;74;68;48;2;179;162;144m🭢[38;2;184;166;148;48;2;27;26;23m🬿[38;2;9;8;7;48;2;14;13;11m.[38;2;18;17;15;48;2;104;94;83m▍[38;2;128;115;101;48;2;81;74;64m🭗[38;2;69;62;52;48;2;78;71;61m𜺠[38;2;67;61;52;48;2;78;70;61m🬃[38;2;88;80;70;48;2;117;106;92m▍[38;2;98;89;77;48;2;114;103;89m🭖[38;2;157;141;125;48;2;100;90;78m𜺫[38;2;99;89;77;48;2;168;150;132m🭑[38;2;117;105;93;48;2;172;154;134m🬼[38;2;173;156;137;48;2;165;148;128m4[38;2;158;141;123;48;2;162;145;127m⠈[38;2;152;135;116;48;2;166;149;130m⠈[38;2;176;159;141;48;2;153;137;119m🭙[38;2;172;155;136;48;2;158;141;123m𜺫[38;2;161;144;127;48;2;180;162;143m▍[38;2;161;143;126;48;2;175;157;138m⠘[38;2;95;88;81;48;2;161;145;129m⠈[38;2;71;66;60;48;2;51;49;44m▏[38;2;48;47;43;48;2;53;51;47m🮈[38;2;59;56;50;48;2;154;140;125m🬿[0m[7m[38;2;172;155;137m🭢[0m[38;2;173;156;138m🭑[38;2;154;139;123m🬼          [0m
 [38;2;0;0;0m       [7m[38;2;64;60;55m▌[0m[38;2;69;65;59;48;2;75;71;65m┥[38;2;79;75;69;48;2;74;70;64m⣂[38;2;65;62;55;48;2;70;66;60m⢈[48;2;69;66;59m.[38;2;69;66;59;48;2;167;151;136m🭑[38;2;188;170;152;48;2;173;156;139m.[38;2;169;152;135;48;2;178;161;143m🬇[38;2;14;14;12;48;2;174;157;140m🭢[38;2;26;25;22;48;2;179;161;144m🭕[38;2;41;37;32;48;2;77;70;60m🬼[38;2;62;55;47;48;2;84;77;67m🬽[38;2;75;67;57;48;2;83;74;65m𜴉[38;2;119;107;94;48;2;85;77;66m🭢[38;2;95;86;73;48;2;119;107;93m˛[38;2;87;78;68;48;2;121;108;93m΄[38;2;104;93;80;48;2;112;100;86mワ[38;2;121;108;93;48;2;173;155;136m🭏[38;2;123;110;96;48;2;174;156;137m🬽[38;2;141;126;110;48;2;161;144;127m𜶵[38;2;148;133;116;48;2;161;144;126m𜴍[38;2;153;137;120;48;2;169;152;134m🬁[38;2;178;161;143;48;2;155;139;122m🭦[38;2;176;160;142;48;2;111;100;87m🭠[38;2;154;140;125;48;2;116;104;91m΄[38;2;128;118;105;48;2;40;38;35m▏[38;2;43;42;39;48;2;48;47;43m⢑[38;2;39;38;34;48;2;47;46;42m.[38;2;164;149;134;48;2;48;46;41m🭕[38;2;163;146;130;48;2;172;155;137m⠠[38;2;185;168;150;48;2;172;156;138m.[0m[38;2;165;149;132m🭏[38;2;166;149;132m🬽[0m [38;2;0;0;0m       [0m
 [38;2;0;0;0m       [38;2;43;42;39m🭢[38;2;77;73;67;48;2;71;67;61m·[38;2;66;62;56;48;2;72;69;62m⡊[38;2;67;64;57;48;2;72;68;62m🬭[38;2;65;62;56;48;2;69;66;60m🬼[38;2;69;66;60;48;2;65;62;55m🭠[38;2;172;157;141;48;2;66;63;56m🭢[38;2;180;163;146;48;2;67;64;56m🭕[38;2;128;114;100;48;2;179;162;145m▁[38;2;120;109;94;48;2;180;162;144m▁[38;2;164;148;131;48;2;66;60;52m🭍[38;2;136;123;109;48;2;63;57;49m🬾[38;2;84;76;67;48;2;62;56;48m🭢[38;2;61;55;47;48;2;83;76;65m🭑[38;2;82;75;65;48;2;117;105;91m▌[38;2;113;101;86;48;2;129;116;100m⢂[38;2;127;113;98;48;2;114;102;88m🭍[38;2;109;98;84;48;2;126;113;98m⠂[38;2;72;65;56;48;2;126;114;99m🭊[38;2;118;107;94;48;2;74;67;58m🭗[38;2;100;90;79;48;2;71;64;55m🭕[38;2;140;126;112;48;2;101;91;79m▔[38;2;142;129;115;48;2;103;92;80m▔[38;2;110;100;88;48;2;87;79;69m𜴍[38;2;83;75;66;48;2;111;100;87m🭀[38;2;14;13;11;48;2;115;103;91m🭉[38;2;63;58;52;48;2;14;14;12m΄[38;2;38;37;33;48;2;13;13;11m🬊[38;2;28;27;25;48;2;42;41;37m🬼[38;2;37;36;31;48;2;40;39;34m.[38;2;34;32;28;48;2;161;146;130m🬾[38;2;86;79;70;48;2;175;158;141m▁[38;2;89;82;72;48;2;174;157;139m▁[38;2;91;84;75;48;2;173;156;139m▁[0m[7m[38;2;149;134;119m𜺫[0m[38;2;141;127;113m🬿[0m [38;2;0;0;0m     [0m
 [38;2;0;0;0m        [7m[38;2;74;69;63m▌[0m[38;2;59;56;49;48;2;74;70;63m·[38;2;60;57;50;48;2;71;68;62m΄[38;2;65;62;57;48;2;68;66;59m🬾[38;2;64;61;55;48;2;69;66;59m🬏[38;2;52;50;45;48;2;68;64;58m🭊[38;2;145;133;120;48;2;53;50;44m🮇[38;2;120;108;93;48;2;136;123;107m🮡[38;2;117;104;90;48;2;128;115;101m🮨[38;2;122;109;94;48;2;128;116;100m˙[38;2;51;47;43;48;2;127;114;100m⠈[38;2;130;117;104;48;2;24;23;19m🬾[38;2;56;50;43;48;2;8;8;6m🬊[38;2;86;77;68;48;2;41;37;31m🭢[38;2;124;111;96;48;2;58;52;46m🭔[38;2;63;57;48;48;2;124;112;97m🭊[38;2;120;109;96;48;2;68;61;52m🭗[38;2;67;60;51;48;2;74;67;57m🭈[38;2;60;54;46;48;2;72;65;55m▁[38;2;65;58;50;48;2;68;61;52m.[38;2;68;62;53;48;2;107;96;84m🬿[38;2;109;98;86;48;2;77;69;60m🭚[38;2;64;58;50;48;2;81;74;63m🬭[38;2;86;78;68;48;2;23;22;20m🭠[38;2;118;106;96;48;2;14;14;12m΄[38;2;49;48;44;48;2;11;11;9m▁[38;2;51;49;45;48;2;13;13;11m▁[38;2;54;51;48;48;2;14;14;12m▁[38;2;55;51;48;48;2;25;25;21m▁[38;2;146;133;118;48;2;45;43;37m🭃[38;2;82;76;67;48;2;91;84;75m.[38;2;89;82;73;48;2;96;89;79m𜴶[38;2;85;78;71;48;2;98;89;80m⡀[38;2;104;96;86;48;2;99;91;81m╽[0m[38;2;103;95;86m🭟[38;2;50;47;43m΄     [0m
 [38;2;0;0;0m        [38;2;55;51;48m🭤[38;2;85;80;74;48;2;78;73;67m·[38;2;74;71;64;48;2;70;67;60m𜴌[38;2;68;65;59;48;2;49;48;43m🭝[38;2;52;50;45;48;2;69;66;61m🭃[38;2;51;49;44;48;2;55;52;48m⡇[38;2;158;144;128;48;2;59;56;50m▕[38;2;147;131;116;48;2;134;121;105m▏[38;2;127;114;99;48;2;143;128;113m🭢[38;2;133;120;105;48;2;122;109;95m🭝[38;2;132;119;103;48;2;136;123;107m𜵋[38;2;85;78;71;48;2;136;122;106m🭢[38;2;129;117;104;48;2;65;62;56m🬾[38;2;53;51;47;48;2;65;62;57m▔[38;2;86;82;75;48;2;68;65;60mʻ[38;2;73;69;63;48;2;67;64;59m🬂[38;2;66;63;57;48;2;71;68;62m🭰[38;2;65;62;56;48;2;76;73;66m𜺣[38;2;78;74;68;48;2;74;70;64m🬊[38;2;81;76;70;48;2;72;69;64m𜴂[38;2;79;75;68;48;2;73;70;63m🭔[38;2;75;71;65;48;2;77;73;67m⢀[38;2;76;72;65;48;2;81;77;70m🬭[38;2;71;68;61;48;2;78;74;68m🭉[38;2;72;69;62;48;2;80;75;69m▖[38;2;67;64;58;48;2;78;74;67m┏[38;2;76;72;66;48;2;83;78;72m🭯[38;2;80;75;68;48;2;147;133;119m🭝[38;2;81;76;69;48;2;149;136;120m🭘[38;2;148;134;118;48;2;154;139;123m⠤[38;2;153;139;123;48;2;101;93;83m𜵈[38;2;93;85;76;48;2;97;89;80m𜴸[38;2;90;81;73;48;2;95;87;78m⠇[38;2;98;89;80;48;2;106;97;88m▌[0m[7m[38;2;102;94;86m🭅[0m[38;2;2;1;1m      [0m
 [38;2;0;0;0m         [38;2;76;72;66m🭖[38;2;51;48;44;48;2;71;67;61m🭊[38;2;73;68;62;48;2;51;49;44m΄[38;2;51;50;46;48;2;55;53;48m𜵳[38;2;47;45;41;48;2;53;51;46m🬞[38;2;150;138;126;48;2;47;45;41m▕[38;2;148;132;116;48;2;136;122;107m🭛[38;2;120;108;93;48;2;135;121;105m🭇[38;2;120;108;95;48;2;132;119;103m⠘[38;2;134;120;105;48;2;140;126;110m𜵱[38;2;117;104;91;48;2;135;121;106m·[38;2;72;66;61;48;2;137;123;107m🭢[38;2;134;122;108;48;2;56;53;49m🬼[38;2;61;59;54;48;2;53;51;46m🭾[38;2;62;59;54;48;2;57;54;49m🬆[48;2;58;55;50m𜴠[38;2;48;46;41;48;2;62;59;54m╴[38;2;73;70;64;48;2;64;61;56m𜴅[38;2;59;56;52;48;2;72;69;63m▁[38;2;72;69;63;48;2;66;63;58m🬂[38;2;74;71;64;48;2;69;66;60m🭤[38;2;65;62;57;48;2;74;70;64m🭯[38;2;74;70;66;48;2;68;65;60m🭗[38;2;65;61;56;48;2;71;68;62m🬭[38;2;85;80;72;48;2;70;67;61m𜺠[38;2;78;73;66;48;2;157;142;127m🭠[38;2;107;99;90;48;2;153;138;122m🭗[38;2;145;132;116;48;2;152;136;121m▗[38;2;153;138;122;48;2;148;133;117m▀[38;2;114;105;95;48;2;155;140;124m🭢[38;2;125;114;103;48;2;88;81;72m🬼[38;2;92;84;75;48;2;96;89;79mǰ[0m[7m[38;2;99;91;82m🭋[0m [38;2;1;1;1m      [0m
 [38;2;0;0;0m        [7m[38;2;109;97;84m🭝[38;2;122;109;95m▘[0m[38;2;50;48;43;48;2;125;113;98m▔[38;2;75;69;61;48;2;134;120;104m🮂[38;2;71;66;58;48;2;123;111;96m🮂[38;2;70;65;57;48;2;125;112;96m🮂[38;2;73;67;61;48;2;124;111;97m🮂[38;2;142;128;112;48;2;181;163;145m🮂[38;2;140;126;111;48;2;174;157;139m🮂[38;2;137;123;108;48;2;176;158;140m🮂[38;2;142;127;112;48;2;175;158;139m🮂[38;2;145;130;114;48;2;173;156;137m🮂[38;2;138;124;108;48;2;169;152;134m🮂[38;2;94;87;77;48;2;160;144;127m🭢[38;2;57;55;50;48;2;163;146;129m▔[38;2;55;52;48;48;2;163;147;129m▔[38;2;57;55;50;48;2;161;145;128m▔[38;2;59;56;52;48;2;165;148;131m▔[38;2;60;57;52;48;2;164;147;129m▔[38;2;57;55;50;48;2;159;143;126m▔[38;2;60;57;53;48;2;159;143;125m▔[38;2;66;63;57;48;2;157;142;125m▔[38;2;63;59;54;48;2;154;139;122m▔[38;2;65;61;56;48;2;139;126;111m𜷋[38;2;158;144;130;48;2;65;61;55m⎺[38;2;88;82;75;48;2;46;45;41m¯[38;2;43;42;38;48;2;129;118;106m🭍[38;2;54;51;46;48;2;156;140;125m🭑[38;2;79;73;66;48;2;151;135;120m𜺣[38;2;142;127;112;48;2;151;136;120m┹[38;2;141;128;112;48;2;149;134;118m┩[38;2;91;84;75;48;2;141;128;114m🮈[38;2;97;90;80;48;2;93;86;77m·[0m[7m[38;2;95;87;79m🭃[0m[38;2;3;2;2m       [0m
 [38;2;0;0;0m       [0m [7m[38;2;80;72;63m🬽[0m[38;2;132;118;103;48;2;50;46;40m🬂[38;2;126;114;99m🬂[38;2;129;116;101;48;2;51;47;40m🬂[38;2;124;112;96;48;2;55;50;44m🬂[38;2;120;107;93;48;2;50;45;40m🬂[38;2;124;111;98;48;2;52;48;42m🬂[38;2;178;161;144;48;2;91;82;72m🬂[38;2;171;154;137;48;2;82;74;65m🬂[38;2;168;152;134;48;2;81;73;64m🬂[38;2;172;155;137m🬂[38;2;172;156;139m🬂[38;2;170;153;137;48;2;78;70;61m🬂[38;2;167;151;134;48;2;77;69;60m🬂[38;2;169;152;135;48;2;78;71;62m🬂[38;2;171;154;137;48;2;75;68;59m🬂[38;2;166;149;132;48;2;72;65;56m🬂[38;2;170;152;136;48;2;73;66;56m🬂[38;2;165;148;131;48;2;76;69;59m🬂[38;2;158;142;125;48;2;81;74;65m🬂[38;2;160;144;127;48;2;62;57;50m🬂[38;2;162;146;129;48;2;52;49;44m🭘[38;2;148;135;123;48;2;47;46;41m΄[38;2;44;43;39;48;2;48;46;42m🭚[48;2;49;47;43m΄[38;2;55;52;47;48;2;50;47;43m🬍[38;2;52;49;45;48;2;50;48;43m𜶯[38;2;47;45;40;48;2;51;49;44m🭢[38;2;53;50;46;48;2;50;47;43m.[38;2;54;51;46;48;2;145;130;117m🭏[38;2;49;46;42;48;2;144;129;115m🬽[38;2;152;136;120;48;2;148;133;118m·[0m[7m[38;2;93;85;77m🭋[0m[38;2;1;0;0m        [0m
 [38;2;0;0;0m        [0m [38;2;40;37;33m🮂[38;2;46;42;37m🮂[38;2;48;44;38m🮂[38;2;47;43;37m🮂[38;2;42;39;34m🮂[38;2;44;40;35m🮂[38;2;94;85;76m🮂[38;2;87;79;71m🮂[38;2;80;72;64m🮂[38;2;74;67;60m🮂[38;2;73;67;59m🮂[38;2;73;66;59m🮂[38;2;71;64;57m🮂[38;2;73;66;59m🮂🮂[38;2;70;63;56m🮂[38;2;63;56;49m🮂[38;2;60;55;49m🮂[38;2;25;21;19m΄[38;2;1;1;0m▔[38;2;1;0;0m⠁[0m [38;2;2;1;0m▔[0m [38;2;1;0;0m▔[0m     [38;2;2;1;1m▔΄        [0m
 [38;2;0;0;0m                                                 [0m
 [38;2;0;0;0m                                                 [0m
 [38;2;0;0;0m                                                 [0m
[?25h